25
0 0 0
1 0 50
2 0 100
3 0 150
4 0 200
5 50 0
6 50 50
7 50 100
8 50 150
9 50 200
10 100 0
11 100 50
12 100 100
13 100 150
14 100 200
15 150 0
16 150 50
17 150 100
18 150 150
19 150 200
20 200 0
21 200 50
22 200 100
23 200 150
24 200 200
0 1 1
1 2 1
2 3 1
3 4 1
5 6 1
6 7 1
7 8 1
8 9 1
10 11 1
11 12 1
12 13 1
13 14 1
15 16 1
16 17 1
17 18 1
18 19 1
20 21 1
21 22 1
22 23 1
23 24 1
0 5 1
1 6 1
2 7 1
3 8 1
4 9 1
5 10 1
6 11 1
7 12 1
8 13 1
9 14 1
10 15 1
11 16 1
12 17 1
13 18 1
14 19 1
15 20 1
16 21 1
17 22 1
18 23 1
19 24 1